IF (Nucleus_Intensity_MaxIntensityEdge_PDGF > 6025.0, [-0.9844553511568962, -0.98941176044911183, -0.98433102105929438, 0.95820486582927022], [-0.33388585273729571, -0.33218638204623663, -0.33392849091277393, -1.0000007256963062])
IF (Nucleus_Intensity_MeanIntensity_Olig2 > 65577.59795918368, [-0.95135922129700834, 0.12657263724347501, 0.10163789962175143, -0.33247464964377177], [0.96691089756793003, -1.0, -0.87846117775797472, -1.0])
IF (ExpandedNuclei_Intensity_UpperQuartileIntensity_MBP > 26325.25, [-0.089559950225358925, 0.76503547496796498, -0.8134759639825242, -0.91544300073209695], [-0.078573357243958086, -0.96098760651338955, 0.32638818054752916, 0.17746027398602349])
IF (Nucleus_Intensity_MaxIntensityEdge_PDGF > 6025.0, [-0.87854884894004182, -0.93699641260904709, -0.95183697928501787, 0.87672768033011339], [0.10245033962447614, -0.036514266403713719, 0.2156353446833407, -1.0])
IF (Nucleus_Intensity_UpperQuartileIntensity_Olig2 > 87634.5, [-0.99999999999998201, 0.19973223543618338, 0.094648348129777529, 0.010800705186357491], [0.781825894978738, -1.0, -0.60424413848147485, -1.0])
IF (ExpandedNuclei_Intensity_UpperQuartileIntensity_MBP > 33642.0, [-0.14204311406248543, 0.77263263751176481, -0.92726987243652337, -0.99999999999995171], [-0.14359949267952149, -0.70614941061139525, 0.26876687820872658, 0.046398600734155547])
IF (Nucleus_Intensity_MaxIntensityEdge_PDGF > 11702.0, [-0.15756714177438472, -1.0000000000000677, -0.99999999999998535, 0.90102800667352279], [0.0054270568390205618, 0.044025688764966139, 0.11004783240601028, -0.7815928188961796])
IF (Nucleus_Intensity_IntegratedIntensityEdge_Olig2 > 4437860.0, [-0.59887918859847677, 0.078824703158358989, 0.1461479833489209, 0.18514785362810765], [0.98850042200188581, -1.0, -0.94782035737809744, -1.0])
IF (Nucleus_Intensity_MADIntensity_Olig2 > 6944.0, [-0.89584651418687988, 0.083993501751431832, 0.00546288788499399, 0.015165982167642417], [0.6987280282376146, -1.0, -0.42261890538241831, -1.0])
IF (ExpandedNuclei_Intensity_IntegratedIntensityEdge_MBP > 3059569.0, [0.5551456006593174, 0.68040099100366958, -0.89204088209593013, -0.28575853870490575], [-0.27036027998637319, -0.51719703355597124, 0.27843675634308063, -0.0021371771607082931])
IF (Nucleus_Intensity_IntegratedIntensityEdge_PDGF > 246676.0, [0.48979132559630034, -0.79660844620509141, -0.52243294892924075, 0.52481419638797011], [-0.014159333477333563, 0.1669429411810337, 0.11205591198683337, -1.0])
IF (ExpandedNuclei_Intensity_UpperQuartileIntensity_Olig2 > 86017.0, [-0.99999999999998523, 0.17690531049366118, -0.056244274206430682, 0.35945772970016482], [0.23075599278650413, -0.97296812513918385, 0.066750487789659724, -0.72947456844493419])
IF (Nucleus_AreaShape_Zernike_2_0 > 0.15175629446012279, [-0.7172728499295612, -0.94520812966262235, 0.59734030703288221, 0.091931334533869258], [0.57011792847802722, 0.14669437591882412, -0.27310897501674275, -0.11286314680361055])
IF (Nucleus_Intensity_MinIntensityEdge_Olig2 > 42715.0, [-0.54148435078111645, -0.055088701304865491, 0.19662995598247493, -0.0029928147297027001], [0.98667863337999306, -0.6851294522298782, -0.98196672822458908, 0.05140116660354823])
IF (Nucleus_Intensity_UpperQuartileIntensity_MBP > 19910.5, [0.51558943077358133, 0.21520344533131749, -0.16090451357479202, -0.44299416530637337], [-0.46759748122814931, -1.0, 0.098354228130753965, 0.33784263428933986])
IF (ExpandedNuclei_Intensity_MeanIntensityEdge_PDGF > 1454.6217948717949, [0.38623008915559359, -0.13869407440351186, -0.50184031205759361, 0.52595302300232383], [-0.042024198368944117, -0.058295063346340638, 0.21885272082504115, -1.0])
IF (ExpandedNuclei_AreaShape_Zernike_4_0 > 0.028766388733017137, [-0.13599687114988118, 0.181262516383281, -0.27152613538551151, 0.40547551637223461], [0.36691886677235275, -0.33524754675217461, 0.4664355349094268, -0.90626389807720831])
IF (Nucleus_Intensity_MADIntensity_Olig2 > 4961.0, [-0.61904604704161015, 0.045600650646039478, 0.11468289464054923, -0.10189032606564175], [0.76442606086581855, -1.0, -0.77291000991620484, -1.0])
IF (ExpandedNuclei_Intensity_StdIntensityEdge_PDGF > 1629.8839041758115, [-1.0000000000000286, -1.0000000000000426, -0.99999999999999856, 1.0000000000000004], [0.04989014283899524, -0.002602342627104264, 0.063959917532126903, -0.50714709086498322])
IF (ExpandedNuclei_Intensity_MaxIntensityEdge_PDGF > 755.0, [0.49196495771124005, -0.028038451965533864, -0.11118758956175642, 0.38473814617455171], [-0.67810532715874872, 0.059121447617507358, 0.10810964112552554, -1.0])
IF (Nucleus_AreaShape_Zernike_8_4 > 0.0025991613098970898, [-0.11480989073173106, -0.25322084231377634, 0.061638721708622203, 0.30814758923072122], [0.46009789805174783, 0.69061442050682331, -0.28465020741622837, -0.89781100652535717])
IF (Nucleus_Intensity_UpperQuartileIntensity_Olig2 > 111329.0, [-1.000000000000006, 0.12990085037566146, -0.035544663366113317, -0.017659276830528977], [0.44242324383538989, -1.0, 0.15941436347418625, -1.0])
IF (Nucleus_Intensity_StdIntensityEdge_PDGF > 574.95858401214616, [-0.83136862611908757, -0.630260789261052, 0.38558089594260797, 0.36330970382883571], [-0.0904817533137727, 0.15464440117658054, -0.1638390369016747, -1.0])
IF (Nucleus_AreaShape_Zernike_8_6 > 0.0069322159147891119, [-0.51582018367082438, -0.15032996953182975, -0.078921374969339153, 0.71253630458259432], [0.43051470977604606, 0.014341394164946657, 0.043627758333042783, -0.52270809818272534])
IF (ExpandedNuclei_Intensity_LowerQuartileIntensity_Olig2 > 43192.0, [-0.41737333481052002, 0.014368142995935997, 0.083288812705725329, -0.35287260796587427], [0.6341531273519353, -1.0, -0.45861771284667313, 0.77731998594906437])
IF (ExpandedNuclei_Intensity_StdIntensityEdge_MBP > 9259.0147737997577, [0.37451218363120431, 0.72286922036401902, -0.90431401637780362, -0.4409479058134223], [-0.11771521302552308, -0.34439581091606258, 0.27296450821910756, 0.093357868736302224])
IF (Nucleus_Intensity_MinIntensity_PDGF > 1826.0, [-0.99999999999999711, 0.45005384710570601, -0.58346143282294394, 0.81927716196926736], [0.019472935179152162, -0.032752154791614835, 0.052735457014065554, -0.62550217151395415])
IF (Nucleus_Intensity_MADIntensity_Olig2 > 10209.5, [-0.8646963434650905, 0.083717098948419957, 0.0091785412122823828, 0.095255040416868664], [0.4407849616106958, -1.0, -0.13586887092266153, -1.0])
IF (Nucleus_AreaShape_Zernike_6_2 > 0.013891183790354564, [-0.47356158875588272, -0.46259603430446944, 0.40749427283303291, -0.63664862314612036], [0.33442551539625026, 0.084050446351734739, -0.23458660188526334, 0.39994330889126667])
IF (Nucleus_Intensity_MaxIntensityEdge_PDGF > 6025.0, [-0.37183404074191229, 0.6111826758534209, -0.694052508924486, 0.54102413992449416], [-0.010847757502613204, -0.031275774750407971, 0.1346317176740256, -1.0])
IF (Nucleus_Intensity_MedianIntensity_MBP > 20191.0, [0.28761197101886243, 0.24383134413826335, -0.35561963846457345, -0.80204992032318867], [-0.22007077618579415, -0.88836839718749117, 0.33505451943967168, 0.056888138975360852])
IF (ExpandedNuclei_Intensity_MADIntensity_Olig2 > 3355.5, [-0.43195589940609663, -0.05613529087258446, 0.11547979668297446, 0.023143908977765769], [0.98872621520683346, -1.0, -0.9637210932221586, -1.0])
IF (Nucleus_Intensity_UpperQuartileIntensity_Olig2 > 244210.0, [-0.99999999999999356, -0.37420165765438479, 0.33242917697495533, -0.53117514159312251], [0.22874659348878781, 0.43997944529566163, -0.32165564120902174, 0.3693673127974671])
IF (Nucleus_Intensity_MADIntensity_MBP > 1063.0, [0.55852019755615101, 0.025274941271540795, -0.14684092983103564, 0.0058641161252741486], [-0.80743632324574888, -0.25065280095617104, 0.44774828666858818, -0.10051780423165438])
IF (Nucleus_Intensity_StdIntensity_Olig2 > 9582.3146889140644, [-0.86439089003385094, 0.068744312368127586, 0.051336520388849893, 0.041543353557000992], [0.58919147111327685, -1.0, -0.464959132339408, -1.0])
IF (Nucleus_Intensity_MaxIntensityEdge_PDGF > 11702.0, [0.16741880480212554, -0.99999999999999711, -1.000000000000002, 0.91125088130426035], [-0.095661204379284076, -0.0033806055447036963, 0.073683124402218442, -0.4859250482582585])
IF (ExpandedNuclei_AreaShape_Zernike_8_8 > 0.0053389380812897255, [0.17254710722924177, -0.51324603335529928, 0.58350776553066086, -0.89935385984091221], [-0.046142053735282358, 0.083981633490486138, -0.15432875952514485, 0.4470694022317574])
IF (ExpandedNuclei_Intensity_MADIntensity_PDGF > 856.5, [-1.0000000000000033, -0.40716439441580377, 0.0023428606879427509, 0.5527963981676185], [0.0075990431153111181, 0.034018058236890795, 0.013276490029137685, -1.0])
IF (Cytoplasm_Ring_Location_Center_X > 1065.7440476190477, [-0.21252795436463573, -0.47741884213803443, 0.42094879558839748, -0.48439520755107623], [0.19920040739228362, 0.46543473548031744, -0.39246136361044009, -0.05587976984197187])
IF (Nucleus_Intensity_MinIntensityEdge_MBP > 23458.0, [-0.10418698333897283, 0.9350827567227239, -1.0, 0.40117843035183748], [0.022634492578140993, -0.32750469364593721, 0.25508344798476951, -0.024774008680392152])
IF (Nucleus_AreaShape_MeanRadius > 4.8291583000876654, [-0.16072880315001192, 0.019924441333029518, -0.023663613535251142, 0.53327956791953401], [0.4566848223891995, 0.2307275274372512, -0.20448254714170694, -0.73645197412633379])
IF (ExpandedNuclei_Intensity_MinIntensity_PDGF > 791.0, [0.41848359407703589, 0.17263712965056122, -0.21070904450947361, 0.22996973863575462], [-0.20353981248961231, -0.38992629969560888, 0.28145878431849181, -1.0])
IF (ExpandedNuclei_Intensity_LowerQuartileIntensity_MBP > 12473.0, [-0.2078757196274772, 0.11373402692596452, -0.050844477548955845, -0.51913222722641217], [0.24984898219333815, -1.0, 0.10232841260322682, 0.52614604567672907])
IF (Nucleus_Intensity_IntegratedIntensity_PDGF > 6006128.0, [-1.0000000000004852, -1.0000000000000062, -0.21458461710910631, 0.9863612474963015], [0.0012783951404767839, -0.0029549721476047775, 0.022425039325240814, -0.50396262057320484])
IF (ExpandedNuclei_Intensity_StdIntensityEdge_PDGF > 592.71932371441278, [-0.012598209819389054, 0.26525602022864142, -0.096027246212167655, 0.48667068801385582], [0.00049104229409295758, -0.067235274028268691, 0.023922082100845357, -0.99881262727189002])
IF (Nucleus_AreaShape_Zernike_8_4 > 0.0058581421093666618, [-0.064580002666302011, -0.18389008212601138, -0.013498077866863205, 0.67007472026539594], [0.099315676684276821, 0.15680779131613898, 0.010342452878081346, -0.75194044707881458])
IF (Nucleus_AreaShape_Eccentricity > 0.49256255759861567, [0.053850735704129557, -0.2678972215884497, 0.12041079885354659, 0.55997865226775623], [-0.11171214270413382, 0.17445580516576933, -0.11378581870401426, -0.67825481816340327])
IF (Nucleus_Intensity_MeanIntensity_PDGF > 5680.1219195849544, [-1.0000000000002705, -0.99999999999999023, 0.19058302866543467, 0.63474783062112639], [0.0016106095706701015, 0.018845983294256539, -0.040233775210073652, -0.77668098869052848])
IF (Nucleus_AreaShape_Zernike_6_4 > 0.0024697400867342927, [0.14103709910571741, -0.053739102293652787, -0.072660065953946126, 0.32430792309180551], [-0.91815265789664513, 0.59165789903877619, 0.36725867934890949, -0.96890755114065008])
IF (Nucleus_Intensity_MaxIntensityEdge_PDGF > 6025.0, [0.35952666336004541, 0.59608944415169052, -0.51007897021708304, 0.38685071856045172], [-0.043229022256417865, -0.0056758788426471201, 0.077746374605703508, -1.0])
IF (Nucleus_Intensity_MADIntensity_Olig2 > 4961.0, [-0.51064886538931575, 0.027394883285444392, 0.097893163408369288, -0.14090084857066323], [0.67272408875489231, -1.0, -0.876538292151817, -1.0])
IF (ExpandedNuclei_AreaShape_Zernike_8_8 > 0.0064050885966010834, [-0.11005259837665532, -0.37380862873824677, 0.49651737455843642, -0.96748288184790887], [0.040267238296071754, 0.025124232967642466, -0.10096380588244591, 0.48867139594630665])
IF (Nucleus_Intensity_MaxIntensityEdge_PDGF > 6025.0, [-0.10029687057656399, 0.2390826744231189, -0.3474345699364666, 0.37433879539496978], [0.00052456215501498415, -0.0060856180713629981, 0.042836674177605782, -1.0])
IF (Nucleus_AreaShape_Zernike_9_7 > 0.0032285281352316501, [-0.30657036972485174, 0.056950062444355791, -0.09993939772696854, 0.58253363452449092], [0.38616189963124292, -0.05510956009498795, 0.10148014490165748, -0.64200209322733404])
IF (ExpandedNuclei_Intensity_MeanIntensityEdge_MBP > 23214.285714285714, [0.26455044452258358, 0.49681335424197592, -0.92743511687728308, -0.75535361417566604], [-0.13841673358389442, -0.2082531797984801, 0.22044348780181863, 0.10017415752645126])
IF (ExpandedNuclei_Intensity_UpperQuartileIntensity_Olig2 > 86017.0, [-0.99999999999999734, 0.13056365721314397, -0.12248331613213939, 0.2493965646741422], [0.23533875358018583, -0.95658061860947818, 0.11639498574851294, -0.56784401033474607])
IF (Nucleus_Intensity_StdIntensityEdge_PDGF > 386.18865115840742, [0.35170550332662598, -0.41452514104444182, 0.31754112492789982, 0.32189294394516765], [-0.11978380009819664, 0.21515490326617603, -0.17173538414615808, -1.0])
IF (ExpandedNuclei_AreaShape_Zernike_4_0 > 0.048669349572572421, [-0.54686311286549016, 0.38975111634645027, 0.037432794598327782, 0.50580613457366208], [0.37061928596205074, -0.13955520284186332, -0.015306120817898585, -0.50343395359710619])
IF (Nucleus_Intensity_MassDisplacement_MBP > 0.72381895774984772, [0.47346321407909603, -0.21150163225037924, 0.0072480343092538044, 0.3787168415840782], [-0.44926834001792465, 0.26562640311935315, -0.0059804371947094637, -0.45504507494140983])
IF (Nucleus_Intensity_MaxIntensityEdge_PDGF > 11702.0, [-0.66778432128281007, -0.99999999999996936, -1.0000000000000009, 0.88453415947443592], [0.0092980583716905582, 0.021959064263194189, 0.034734922580303272, -0.42737518462377605])
IF (Nucleus_Intensity_IntegratedIntensityEdge_Olig2 > 4346177.0, [-0.38504058934299884, -0.00072112456018657753, 0.049335491565405371, 0.14501429979636477], [0.9402471401006377, -1.0, -0.84956929225443034, -1.0])
IF (ExpandedNuclei_Intensity_UpperQuartileIntensity_MBP > 26325.25, [0.31880313884688527, 0.3658460350932618, -0.36764991908296674, -0.88667375601409781], [-0.045489076257983471, -0.64066950850066418, 0.18634431589020925, 0.20192270538247661])
IF (Nucleus_Intensity_UpperQuartileIntensity_Olig2 > 88515.75, [-0.99999999999999778, 0.051831103263402636, 0.047027306041835873, -0.011991275406605622], [0.38161401556258706, -1.0, -0.2881885821647821, -1.0])
IF (ExpandedNuclei_Intensity_MaxIntensityEdge_PDGF > 755.0, [0.49199503133433226, -0.10853214512806997, -0.088762853160338356, 0.18379243845409104], [-0.67291962880277734, 0.36323951432096552, 0.25445165229082689, -1.0])
IF (Nucleus_Intensity_LowerQuartileIntensity_Olig2 > 49380.0, [-0.43541648246500136, 0.0031617396563907445, 0.074748378926258366, -0.054300669602076822], [0.99995958150401532, -1.0, -1.0, -0.96188716571216104])
IF (Nucleus_Intensity_MADIntensity_MBP > 1207.0, [0.53804468122608251, -0.0060389069442940381, 0.015370206025166464, -0.2659669607168641], [-0.65678801728539349, 0.034929644584800849, -0.11258260299701525, 0.63558950509728296])
IF (Nucleus_Intensity_MADIntensity_Olig2 > 9961.0, [-0.95382269820436227, 0.028376626660671218, -0.0050208734742065771, 0.037231990678881006], [0.54831106929213602, -1.0, 0.052518573842014249, -1.0])
IF (Nucleus_Intensity_MaxIntensityEdge_PDGF > 6025.0, [-0.55891304808116393, -0.046687978237118413, -0.63976874572273656, 0.38808586643423709], [-0.1130291863595459, -0.0093576144367036821, 0.088837160420376815, -1.0])
IF (Nucleus_AreaShape_FormFactor > 0.8764893066078161, [0.21728508681017464, 0.16940519161637968, -0.2442206311870852, 0.58973893959294932], [-0.14653522193223506, -0.42296341116836644, 0.41004245831387681, -0.67745524394488388])
IF (ExpandedNuclei_Intensity_StdIntensityEdge_PDGF > 1629.8839041758115, [-0.99999999999986522, -1.000000000000012, -1.0000000000000109, 1.0000000000000009], [0.0024681248202552764, 0.0040898212426413788, 0.024224621097445699, -0.52144920028556907])
IF (Nucleus_Intensity_MassDisplacement_Olig2 > 1.2688796030821314, [0.027501588766518981, 0.45250190670778961, 0.023474074710301392, -0.86556252725724714], [-0.0021477315258133455, -0.095033458044764221, -0.012610027849668044, 0.59559970709816856])
IF (ExpandedNuclei_Intensity_MADIntensity_PDGF > 856.5, [-1.000000000000081, -0.29108943047624747, 0.40385500739671254, 0.50684393095991798], [0.0033979945182248629, 0.024640262093645674, -0.07683985196939902, -1.0])
IF (ExpandedNuclei_Intensity_MeanIntensityEdge_Olig2 > 43125.099290780141, [-0.19012073222195655, 0.027045684180471884, -0.020665159182109528, -0.55555265539248067], [0.72961104676978272, -0.99458959911003286, 0.17556036472392653, 0.69877685235182219])
IF (ExpandedNuclei_AreaShape_Zernike_8_0 > 0.01022501729024073, [-0.40432827941430738, -0.17183236264636706, 0.17149910826519602, -0.57283929963303726], [0.27738835489822405, 0.16884917374281877, -0.18708510967412087, 0.61053744660387299])
IF (Nucleus_AreaShape_Zernike_8_6 > 0.004659266358841444, [-0.29454023175740207, 0.36163255903242875, -0.2275540093753923, 0.33573315047403718], [0.32101510314513865, -0.38376752235641443, 0.27736447506953504, -0.56334304218363673])
IF (ExpandedNuclei_Intensity_IntegratedIntensity_PDGF > 5949457.0, [0.37005488532418596, -0.45802217479666879, -0.16473642969472024, 0.69210603031663165], [-0.0027561401772343759, 0.0080497651462980296, 0.018080697599354049, -0.76013803374641742])
IF (Nucleus_AreaShape_Zernike_9_5 > 0.0020137199484796531, [-0.027749927316934167, 0.24722207920281483, -0.086706339002024277, -0.37829148674847451], [0.24052530063633989, -0.89500614371654852, 0.36434444724550918, 0.93835359484301017])
IF (ExpandedNuclei_Intensity_MeanIntensityEdge_MBP > 20463.79054054054, [0.24181938516431858, 0.42335070725234752, -0.44516150216737194, -0.45818333324225063], [-0.14334533217583037, -0.74437400659912334, 0.33480072052677762, 0.16353855488005711])
IF (ExpandedNuclei_Intensity_MeanIntensity_Olig2 > 90953.334282460142, [-0.99999999999999156, -0.26754051994306011, 0.32173339369979009, 0.41350220169659246], [0.14478420269141148, 0.54314106314065302, -0.29474720277744343, -0.33866251683606419])
IF (ExpandedNuclei_Intensity_MADIntensity_MBP > 1399.0, [0.31413751096106513, 0.052732450524836702, -0.20181969572473246, 0.28850771688522669], [-0.40331345101328336, -1.0, 0.6296876813520067, -0.49537185452890908])
IF (Nucleus_Intensity_MaxIntensityEdge_PDGF > 6025.0, [-0.29261089642033106, 0.26128166333210007, -0.79203910806129019, 0.46136223154984607], [-0.0046743226869747469, -0.022270056942313841, 0.11706366281197637, -1.0])
IF (Nucleus_Intensity_UpperQuartileIntensity_Olig2 > 69019.0, [-0.62911831295298226, 0.0058357657483906642, 0.10444823841169407, -0.1152979632351458], [0.67758712176603553, -1.0, -0.78647029391491508, -1.0])
IF (Nucleus_AreaShape_Zernike_8_4 > 0.0018775492679875083, [-0.062812315168870494, -0.020718702358362685, 0.02754990722341746, 0.50980354044336418], [0.6704644266720432, 0.11408404254640415, -0.39185760783947515, -0.93561118234025364])
IF (Nucleus_AreaShape_Zernike_7_1 > 0.011550438682540231, [0.73823895240189041, -0.72161888754389991, 0.62006777231236621, -0.58149648229733253], [-0.19367344109832474, 0.23170799771564957, -0.12422962389262074, 0.046056536863326246])
IF (Nucleus_Intensity_MaxIntensityEdge_PDGF > 6025.0, [-0.45566893099625005, 0.47447584695343831, -0.14828235073006552, 0.45812818777914688], [0.033899397028910989, -0.049318567340680707, 0.031677297188408518, -1.0])
IF (Nucleus_AreaShape_MinorAxisLength > 27.173671548579836, [0.23810125778813268, 0.14201094965448119, -0.30632461486219142, 0.51642195533477797], [-0.20071026963258926, -0.2312328365730279, 0.31651672842118611, -0.56846483555682858])
IF (Nucleus_Intensity_MaxIntensity_Olig2 > 65387.0, [-0.35284482090746799, -0.00097519274898561967, 0.057400907024430591, 0.02445318887656189], [1.0, -1.0, -1.0, -1.0])
IF (Nucleus_Intensity_UpperQuartileIntensity_MBP > 22558.0, [0.46510199028791854, 0.25536226518205252, -0.41588395017721574, -0.0076317601727630699], [-0.30373068537352299, -0.8117666285217715, 0.49668008595026281, -0.022958582101710576])
IF (Nucleus_Intensity_UpperQuartileIntensity_Olig2 > 88515.75, [-0.99999999999999634, 0.042075460393489361, -0.0075008568317439569, 0.022596212850373377], [0.39436740496528877, -1.0, 0.084995986726305053, -1.0])
IF (ExpandedNuclei_AreaShape_Zernike_4_0 > 0.028766388733017137, [-0.26727877113709347, 0.032971198896124557, -0.1178127670921699, 0.52073665792939827], [0.31691531143474849, -0.16749981627371191, 0.25499635031829249, -0.83717318579899136])